    unsorted:	 0.003958189698 0.003973555334 0.003945753360 0.003305835996 2.225739057e-05 1.871617856e-05 8.677752221e-05 3.347729113e-06 0.0007713017489 0.5012040388 1.487737979 3.980073116 3.967268947 3.646230897 2.588999879 5.301675117 11.38928879 15.75083549 17.62373755 41.28262776 43.35590714 50.26179238 137.6590572 138.2740403 143.8148280 106.5006094 114.9756433 173.9610237 234.3494144 259.7030857 310.4264404 327.4776723 347.8753527 352.1916492 377.4296553 390.1697935 418.2989438 464.5754662 482.5970776 499.0921515 521.5150592 559.9663709 734.2793530 887.2859377 992.3891642 1016.608616 1059.251582 1134.211338 1411.343086 1646.189786 1767.744004 2396.224279 3642.843804 5924.274329 6435.970546 7602.979289 8338.199951 8530.991045 12887.90578 24517.71416
      sorted:	 3.347729113e-06 1.871617856e-05 2.225739057e-05 8.677752221e-05 0.0007713017489 0.003305835996 0.003945753360 0.003958189698 0.003973555334 0.5012040388 1.487737979 2.588999879 3.646230897 3.967268947 3.980073116 5.301675117 11.38928879 15.75083549 17.62373755 41.28262776 43.35590714 50.26179238 106.5006094 114.9756433 137.6590572 138.2740403 143.8148280 173.9610237 234.3494144 259.7030857 310.4264404 327.4776723 347.8753527 352.1916492 377.4296553 390.1697935 418.2989438 464.5754662 482.5970776 499.0921515 521.5150592 559.9663709 734.2793530 887.2859377 992.3891642 1016.608616 1059.251582 1134.211338 1411.343086 1646.189786 1767.744004 2396.224279 3642.843804 5924.274329 6435.970546 7602.979289 8338.199951 8530.991045 12887.90578 24517.71416
