    unsorted:	 1342.023630 1284.906573 1260.023850 1633.361803 1355.136935 1363.793552 1415.618131 1549.555653 1542.290623 1526.321364 985.5505610 943.9736943 925.9015274 760.1483393 705.2355686 1025.710211 879.5373119 717.1950670 675.6920361 1708.944734 449.8032719 1754.292250 2005.491372 1830.390966 2172.615938 1979.546312 2173.059190 559.0740138 432.2292123 377.0818009 335.0555433 224.2670361 229.9259071 124.4892708 2491.881685 2524.737777 2533.945435 2642.955100 2.526214417 6.459468841e-06 2961.114148 3091.697237 3799.292617 3903.224733 4204.201264 4307.012841 4395.186512 4804.959461 5102.087154 5796.958893 5966.283824 6500.172672 7769.001568 7852.441208 8341.024060 8511.985600 10631.97404 19874.48169 46676.13098 79433.57977
      sorted:	 6.459468841e-06 2.526214417 124.4892708 224.2670361 229.9259071 335.0555433 377.0818009 432.2292123 449.8032719 559.0740138 675.6920361 705.2355686 717.1950670 760.1483393 879.5373119 925.9015274 943.9736943 985.5505610 1025.710211 1260.023850 1284.906573 1342.023630 1355.136935 1363.793552 1415.618131 1526.321364 1542.290623 1549.555653 1633.361803 1708.944734 1754.292250 1830.390966 1979.546312 2005.491372 2172.615938 2173.059190 2491.881685 2524.737777 2533.945435 2642.955100 2961.114148 3091.697237 3799.292617 3903.224733 4204.201264 4307.012841 4395.186512 4804.959461 5102.087154 5796.958893 5966.283824 6500.172672 7769.001568 7852.441208 8341.024060 8511.985600 10631.97404 19874.48169 46676.13098 79433.57977
