    unsorted:	 1.372484475e-06 0.03715286778 -0.01488190311 0.1370093489 0.7788846030 0.5386841439 0.5735474717 1.278898958 1.502294533 1.727299463 1.778802071 2.972406730 3.419358763 3.560431906 3.926324859 4.951417393 5.558256373 6.271813638 13.13205194 20.11792355 22.20984474 32.82595887 43.96335042 70.45574577 86.13839153 110.0087761 102.3649577 161.6922429 189.1074084 207.7964702 222.8770286 272.4553183 265.9182317 276.1661734 301.4755486 345.6138379 323.8221924 371.0982993 418.7762089 462.7496132 512.6460942 527.5991562 735.5219371 1060.527405 1168.588463 6685.882840 5936.230869 7029.260955 6779.920887 8229.054494 27505.43370 56010.33883 272716.2102
      sorted:	 -0.01488190311 1.372484475e-06 0.03715286778 0.1370093489 0.5386841439 0.5735474717 0.7788846030 1.278898958 1.502294533 1.727299463 1.778802071 2.972406730 3.419358763 3.560431906 3.926324859 4.951417393 5.558256373 6.271813638 13.13205194 20.11792355 22.20984474 32.82595887 43.96335042 70.45574577 86.13839153 102.3649577 110.0087761 161.6922429 189.1074084 207.7964702 222.8770286 265.9182317 272.4553183 276.1661734 301.4755486 323.8221924 345.6138379 371.0982993 418.7762089 462.7496132 512.6460942 527.5991562 735.5219371 1060.527405 1168.588463 5936.230869 6685.882840 6779.920887 7029.260955 8229.054494 27505.43370 56010.33883 272716.2102
