    unsorted:	 1.522381017e-06 1.512409957e-06 1.513773132e-06 1.581585701e-06 1.587465000e-06 1.695733150e-06 1.713623327e-06 1.758012773e-06 1.784765195e-06 1.996646933e-06 1.194591660e-06 0.002188270201 0.004592943546 0.1617886691 0.4184154412 0.4681956326 0.5637515158 1.211685919 1.346625682 3.247383684 3.542000471 7.923722911 8.331846195 11.38625648 12.84291520 13.70207645 17.87945903 32.86263302 36.59114172 40.29629973 43.32148881 47.70446290 53.56835136 55.26101893 64.32205049 68.54919927 90.77095563 132.6259830 -68.56208439 186.9602061 216.4743641 233.3002943 255.8301668 294.6089537 344.0990234 359.6443234 384.4984866 476.4900903 554.1630820 581.1561986 865.2591852 927.1441344 1363.944112 3566.118368 4059.682829 5816.564393 6436.447819 7322.941986 7956.500621 9207.551239 -9938.176163 16771.66941 24959.43296 106858.0066 905343616.0
      sorted:	 -9938.176163 -68.56208439 1.194591660e-06 1.512409957e-06 1.513773132e-06 1.522381017e-06 1.581585701e-06 1.587465000e-06 1.695733150e-06 1.713623327e-06 1.758012773e-06 1.784765195e-06 1.996646933e-06 0.002188270201 0.004592943546 0.1617886691 0.4184154412 0.4681956326 0.5637515158 1.211685919 1.346625682 3.247383684 3.542000471 7.923722911 8.331846195 11.38625648 12.84291520 13.70207645 17.87945903 32.86263302 36.59114172 40.29629973 43.32148881 47.70446290 53.56835136 55.26101893 64.32205049 68.54919927 90.77095563 132.6259830 186.9602061 216.4743641 233.3002943 255.8301668 294.6089537 344.0990234 359.6443234 384.4984866 476.4900903 554.1630820 581.1561986 865.2591852 927.1441344 1363.944112 3566.118368 4059.682829 5816.564393 6436.447819 7322.941986 7956.500621 9207.551239 16771.66941 24959.43296 106858.0066 905343616.0
