    unsorted:	 313.2938551 404.9593954 357.3853935 472.5266940 758.0947426 765.7912032 738.2964770 805.2190381 626.7498344 223.2740166 179.3268436 2.331476084 11.15180374 2.135510070e-06 1225.476111 1387.101942 1370.843956 1580.343021 3542.164807 2639.263190 3070.702084 4276.112188 4740.971697 4870.602843 5006.581973 6307.545140 8521.638810 14658.44592
      sorted:	 2.135510070e-06 2.331476084 11.15180374 179.3268436 223.2740166 313.2938551 357.3853935 404.9593954 472.5266940 626.7498344 738.2964770 758.0947426 765.7912032 805.2190381 1225.476111 1370.843956 1387.101942 1580.343021 2639.263190 3070.702084 3542.164807 4276.112188 4740.971697 4870.602843 5006.581973 6307.545140 8521.638810 14658.44592
