    unsorted:	 633.9462502 626.0700041 644.6920314 609.5236078 587.3097967 711.8417129 705.9407474 751.9526853 525.9041385 433.9389720 455.7859098 411.8876357 378.9746755 365.9445097 356.4669296 348.1792398 325.0775084 802.2853878 202.7095093 266.4570236 194.2467424 224.5411361 151.5584776 175.4407536 841.2434519 920.7174732 1066.007759 1417.678554 1466.069133 1621.117680 1289.482788 1543.790816 1523.074043 1676.694586 1737.327768 1772.132872 1809.042822 2133.994673 2314.315999 2298.531907 3012.343587 3088.428787 3600.291901 3922.403993 3913.414178 3855.041147 4977.952572 4978.556687 4967.308555 4730.870041 5072.728775 5843.735807 7285.808631 7672.935132 8772.032943 8967.184490 9337.103829 21582.42578 3543563.395 -43583433.84
      sorted:	 -43583433.84 151.5584776 175.4407536 194.2467424 202.7095093 224.5411361 266.4570236 325.0775084 348.1792398 356.4669296 365.9445097 378.9746755 411.8876357 433.9389720 455.7859098 525.9041385 587.3097967 609.5236078 626.0700041 633.9462502 644.6920314 705.9407474 711.8417129 751.9526853 802.2853878 841.2434519 920.7174732 1066.007759 1289.482788 1417.678554 1466.069133 1523.074043 1543.790816 1621.117680 1676.694586 1737.327768 1772.132872 1809.042822 2133.994673 2298.531907 2314.315999 3012.343587 3088.428787 3600.291901 3855.041147 3913.414178 3922.403993 4730.870041 4967.308555 4977.952572 4978.556687 5072.728775 5843.735807 7285.808631 7672.935132 8772.032943 8967.184490 9337.103829 21582.42578 3543563.395
