    unsorted:	 778.6536414 773.4200717 764.0484480 817.5701878 883.9546017 888.9299246 1037.885198 983.1365883 1015.129247 1071.169487 1134.444698 1110.015350 1191.040002 693.3470185 653.1346807 636.5315429 605.9785475 559.6794719 1278.308595 1284.167536 517.3464195 463.6893830 445.0347365 423.7111362 1384.559426 1418.236395 1469.360950 1512.626354 363.8128874 1591.528753 1654.561519 281.1214781 213.7224520 217.4197470 1729.287359 170.0516670 1818.292397 1943.678300 1979.130750 2075.856930 2162.804059 2316.583159 2647.181886 2648.719298 2446.050085 3008.400829 3207.677875 3225.708276 3183.435565 3255.996856 4111.523930 4408.807712 5253.367077 6357.925279 7001.074397 7035.881538 -4358.350769 8035.181603 8376.084315 10635.41147 23601.73006 27714.68327 -67559565.38 1013305079.
      sorted:	 -67559565.38 -4358.350769 170.0516670 213.7224520 217.4197470 281.1214781 363.8128874 423.7111362 445.0347365 463.6893830 517.3464195 559.6794719 605.9785475 636.5315429 653.1346807 693.3470185 764.0484480 773.4200717 778.6536414 817.5701878 883.9546017 888.9299246 983.1365883 1015.129247 1037.885198 1071.169487 1110.015350 1134.444698 1191.040002 1278.308595 1284.167536 1384.559426 1418.236395 1469.360950 1512.626354 1591.528753 1654.561519 1729.287359 1818.292397 1943.678300 1979.130750 2075.856930 2162.804059 2316.583159 2446.050085 2647.181886 2648.719298 3008.400829 3183.435565 3207.677875 3225.708276 3255.996856 4111.523930 4408.807712 5253.367077 6357.925279 7001.074397 7035.881538 8035.181603 8376.084315 10635.41147 23601.73006 27714.68327 1013305079.
