    unsorted:	 410.4494569 436.8190716 428.0447378 380.2421490 382.5859982 487.8847535 326.1831506 691.0240449 696.5326245 673.2088095 579.4943281 271.8535726 262.3820192 1011.279246 1018.305878 995.7161374 960.2297645 883.8469146 1125.852883 1170.201954 1287.580943 1259.024716 1382.695720 98.53302161 87.57170478 107.5218794 11.86967045 16.10999116 1671.818149 1650.825575 1722.461890 2056.476366 2294.249013 2399.001140 2590.969439 2933.093438 3320.629629 3209.696650 3421.952853 3614.562402 3744.994439 3895.410706 4205.428393 4547.167281 4956.289224 5330.767245 5358.512865 5392.846483 5958.422913 6951.594206 8208.485304 8532.768213 10486.47833 10847.01087 19462.91486 24035.21558 30791.88622 35524.38380 71907.23478 1753192.204
      sorted:	 11.86967045 16.10999116 87.57170478 98.53302161 107.5218794 262.3820192 271.8535726 326.1831506 380.2421490 382.5859982 410.4494569 428.0447378 436.8190716 487.8847535 579.4943281 673.2088095 691.0240449 696.5326245 883.8469146 960.2297645 995.7161374 1011.279246 1018.305878 1125.852883 1170.201954 1259.024716 1287.580943 1382.695720 1650.825575 1671.818149 1722.461890 2056.476366 2294.249013 2399.001140 2590.969439 2933.093438 3209.696650 3320.629629 3421.952853 3614.562402 3744.994439 3895.410706 4205.428393 4547.167281 4956.289224 5330.767245 5358.512865 5392.846483 5958.422913 6951.594206 8208.485304 8532.768213 10486.47833 10847.01087 19462.91486 24035.21558 30791.88622 35524.38380 71907.23478 1753192.204
