    unsorted:	 1338.497296 539.9261238 540.5424589 379.5325745 811.0083379 387.3621383 368.8778749 416.5396727 479.9549640 341.8771223 279.9963816 276.7721208 302.8741087 608.5360012 239.4440268 750.3477312 833.0447308 875.7132134 914.8325284 987.4307485 1031.214677 1056.612170 1341.112617 1188.217563 1320.514110 1236.675945 1431.312838 1526.099586 1620.856801 1835.914413 1766.751113 1721.112536 1813.743932 1880.730646 1885.619299 1908.667476 1934.559445 98.28128227 2045.940207 5.513375462 -61.81628466 2291.398877 2730.184769 2820.516232 3046.373244 3081.086917 3134.557315 3445.225555 4628.075732 4524.188077 5799.532159 6039.092837 -3759.777584 7505.124402 8015.222987 9343.409675 14413.92997 -52352.30112 59994.16008 6486301413.
      sorted:	 -52352.30112 -3759.777584 -61.81628466 5.513375462 98.28128227 239.4440268 276.7721208 279.9963816 302.8741087 341.8771223 368.8778749 379.5325745 387.3621383 416.5396727 479.9549640 539.9261238 540.5424589 608.5360012 750.3477312 811.0083379 833.0447308 875.7132134 914.8325284 987.4307485 1031.214677 1056.612170 1188.217563 1236.675945 1320.514110 1338.497296 1341.112617 1431.312838 1526.099586 1620.856801 1721.112536 1766.751113 1813.743932 1835.914413 1880.730646 1885.619299 1908.667476 1934.559445 2045.940207 2291.398877 2730.184769 2820.516232 3046.373244 3081.086917 3134.557315 3445.225555 4524.188077 4628.075732 5799.532159 6039.092837 7505.124402 8015.222987 9343.409675 14413.92997 59994.16008 6486301413.
