    unsorted:	 800.5353445 793.9665346 926.5175075 984.4377655 793.5643640 1113.986220 814.9149581 852.9019434 908.5931213 633.9888959 719.1876719 729.0396880 652.2955805 622.7190085 609.9146453 483.6883114 443.9014987 484.9464643 428.0501403 576.4438064 429.2256359 1029.332747 1035.521044 1085.071379 1167.397874 400.9924675 1210.063499 372.1804992 1269.044621 1301.670945 289.4766504 1365.477581 1407.995868 1507.578298 1526.119713 1547.953947 1687.548959 1706.355466 131.5346948 1860.508347 1874.197298 90.99296393 1977.794049 2067.603780 2192.473487 2632.411323 2657.129068 2546.549482 3118.590216 3098.765489 3130.642946 3217.769960 4115.775907 4466.091105 4910.458455 5578.543411 5901.531209 6507.537973 7817.527102 8581.059485 9171.956909 10235.67897 29321.78259 38334.22425
      sorted:	 90.99296393 131.5346948 289.4766504 372.1804992 400.9924675 428.0501403 429.2256359 443.9014987 483.6883114 484.9464643 576.4438064 609.9146453 622.7190085 633.9888959 652.2955805 719.1876719 729.0396880 793.5643640 793.9665346 800.5353445 814.9149581 852.9019434 908.5931213 926.5175075 984.4377655 1029.332747 1035.521044 1085.071379 1113.986220 1167.397874 1210.063499 1269.044621 1301.670945 1365.477581 1407.995868 1507.578298 1526.119713 1547.953947 1687.548959 1706.355466 1860.508347 1874.197298 1977.794049 2067.603780 2192.473487 2546.549482 2632.411323 2657.129068 3098.765489 3118.590216 3130.642946 3217.769960 4115.775907 4466.091105 4910.458455 5578.543411 5901.531209 6507.537973 7817.527102 8581.059485 9171.956909 10235.67897 29321.78259 38334.22425
