    unsorted:	 1.306304470e-06 1.300189120e-06 1.226788190e-06 1.524506104e-06 1.525107401e-06 9.683558523e-07 2.065059700e-06 2.123402365e-06 2.484426806e-06 3.339028161e-05 0.1985498836 0.2138497507 0.4930566659 0.4874601806 0.7334740520 0.8125396449 1.560247306 1.654476875 1.905931837 6.622203163 7.296358542 9.494492265 11.39671186 18.88393935 27.14851520 30.77646506 36.02461197 37.61793889 50.92453376 58.69167357 81.27594073 87.65380867 99.41554495 114.0152785 118.9147760 123.2605456 132.9354111 139.3059373 145.1307396 160.4908976 163.1165956 185.8758220 237.7948916 252.6750195 277.2078255 274.7212271 295.5498628 338.8583191 433.8258941 455.2111682 524.2598195 716.9137660 810.2200343 1204.312483 1663.577037 5458.444239 4943.626190 5941.207651 6211.028828 6872.699586 8284.704016 8345.481179 20377.37162 28500.61737 90014.38973
      sorted:	 9.683558523e-07 1.226788190e-06 1.300189120e-06 1.306304470e-06 1.524506104e-06 1.525107401e-06 2.065059700e-06 2.123402365e-06 2.484426806e-06 3.339028161e-05 0.1985498836 0.2138497507 0.4874601806 0.4930566659 0.7334740520 0.8125396449 1.560247306 1.654476875 1.905931837 6.622203163 7.296358542 9.494492265 11.39671186 18.88393935 27.14851520 30.77646506 36.02461197 37.61793889 50.92453376 58.69167357 81.27594073 87.65380867 99.41554495 114.0152785 118.9147760 123.2605456 132.9354111 139.3059373 145.1307396 160.4908976 163.1165956 185.8758220 237.7948916 252.6750195 274.7212271 277.2078255 295.5498628 338.8583191 433.8258941 455.2111682 524.2598195 716.9137660 810.2200343 1204.312483 1663.577037 4943.626190 5458.444239 5941.207651 6211.028828 6872.699586 8284.704016 8345.481179 20377.37162 28500.61737 90014.38973
