    unsorted:	 1.191913811e-06 1.054985626e-06 8.346563671e-07 5.506371951e-07 2.416902073e-06 113.4409035 115.4586489 101.6289529 79.83140064 69.03865142 54.34016424 21.52676386 18.90621516 167.2253712 -17.38397907 303.8756586 281.2491449 315.7095012 236.2379876 387.3911111 388.8610095 371.5212445 366.7311134 469.1650978 575.3775676 608.1415009 675.3797633 760.7767047 -402.2055461 957.8607884 1356.885688 -746.8772726 1547.238380 1889.052096 1990.462032 2109.298845 -1066.422999 2441.426945 3425.833592 3558.014379 -1964.683072 4517.399178 5110.177902 5171.914251 5545.914438 6003.966601 -4019.863698 7177.372207 7941.243502 8501.827956 -5264.515448 9908.567028 10671.95170 12089.47329 12918.76885 18000.71325 -16306.63796 24874.10572 44757.40840 1.260353405e+10
      sorted:	 -16306.63796 -5264.515448 -4019.863698 -1964.683072 -1066.422999 -746.8772726 -402.2055461 -17.38397907 5.506371951e-07 8.346563671e-07 1.054985626e-06 1.191913811e-06 2.416902073e-06 18.90621516 21.52676386 54.34016424 69.03865142 79.83140064 101.6289529 113.4409035 115.4586489 167.2253712 236.2379876 281.2491449 303.8756586 315.7095012 366.7311134 371.5212445 387.3911111 388.8610095 469.1650978 575.3775676 608.1415009 675.3797633 760.7767047 957.8607884 1356.885688 1547.238380 1889.052096 1990.462032 2109.298845 2441.426945 3425.833592 3558.014379 4517.399178 5110.177902 5171.914251 5545.914438 6003.966601 7177.372207 7941.243502 8501.827956 9908.567028 10671.95170 12089.47329 12918.76885 18000.71325 24874.10572 44757.40840 1.260353405e+10
