    unsorted:	 5.157981563e-07 4.875441924e-07 1.429992183e-06 2.236586804e-06 3.861684417e-06 9.850227452e-06 6.238195212e-06 0.0004199582819 113.5016382 115.5255188 104.2829030 101.4303855 79.74690857 54.38712732 21.52099017 7.837280438 295.4913472 296.7262850 317.7158056 387.3125313 358.9344382 397.2126189 235.9422540 455.5866853 483.5429755 499.7189628 515.9200550 560.4911067 660.2047294 708.0474382 729.5534356 811.7372435 851.5202355 913.8377710 1013.750185 1603.844492 1930.903161 1971.609874 2016.980358 2336.566159 2610.366057 3509.372650 3727.860627 4056.935453 4724.055061 5678.428883 5964.540356 6190.707917 7315.174944 7278.364167 8335.814628 8129.406911 8947.864860 9887.885612 11706.36189 13408.87832 19173.33421 26304.00511 47353.36236 104724.6369
      sorted:	 4.875441924e-07 5.157981563e-07 1.429992183e-06 2.236586804e-06 3.861684417e-06 6.238195212e-06 9.850227452e-06 0.0004199582819 7.837280438 21.52099017 54.38712732 79.74690857 101.4303855 104.2829030 113.5016382 115.5255188 235.9422540 295.4913472 296.7262850 317.7158056 358.9344382 387.3125313 397.2126189 455.5866853 483.5429755 499.7189628 515.9200550 560.4911067 660.2047294 708.0474382 729.5534356 811.7372435 851.5202355 913.8377710 1013.750185 1603.844492 1930.903161 1971.609874 2016.980358 2336.566159 2610.366057 3509.372650 3727.860627 4056.935453 4724.055061 5678.428883 5964.540356 6190.707917 7278.364167 7315.174944 8129.406911 8335.814628 8947.864860 9887.885612 11706.36189 13408.87832 19173.33421 26304.00511 47353.36236 104724.6369
