    unsorted:	 1.637453834e-06 1.537132427e-06 3.054525295e-06 2.410022918e-06 5.472705772e-07 113.4458340 115.4731816 101.6387512 79.83909141 70.27694664 54.34376909 21.54477272 20.91729684 -12.67434659 191.3423359 293.3571634 304.7063096 277.8163759 387.5365656 388.9758864 373.0489786 369.2971721 349.8473247 469.6132251 576.1484147 608.5912109 675.5798902 769.0271876 -401.4453304 959.6386649 1361.334728 -762.3717957 1548.491879 1889.070258 1990.520006 2115.340500 -1167.938788 2479.746084 3426.271429 3557.761484 -2333.754040 4519.991428 5064.990519 5148.336885 5539.398686 6005.425044 -4096.167984 7181.156938 7939.415645 8526.515182 -5418.418420 10259.29669 10758.97221 12123.06217 13814.01560 19720.21129 -17379.28737 26650.47974 47262.39400 1.341148208e+10
      sorted:	 -17379.28737 -5418.418420 -4096.167984 -2333.754040 -1167.938788 -762.3717957 -401.4453304 -12.67434659 5.472705772e-07 1.537132427e-06 1.637453834e-06 2.410022918e-06 3.054525295e-06 20.91729684 21.54477272 54.34376909 70.27694664 79.83909141 101.6387512 113.4458340 115.4731816 191.3423359 277.8163759 293.3571634 304.7063096 349.8473247 369.2971721 373.0489786 387.5365656 388.9758864 469.6132251 576.1484147 608.5912109 675.5798902 769.0271876 959.6386649 1361.334728 1548.491879 1889.070258 1990.520006 2115.340500 2479.746084 3426.271429 3557.761484 4519.991428 5064.990519 5148.336885 5539.398686 6005.425044 7181.156938 7939.415645 8526.515182 10259.29669 10758.97221 12123.06217 13814.01560 19720.21129 26650.47974 47262.39400 1.341148208e+10
