    unsorted:	 1.681693438e-06 1.677703893e-06 1.719436506e-06 1.759934491e-06 2.029665669e-06 2.054402020e-06 2.083131636e-06 2.323356304e-06 2.380044358e-06 1.398884239e-06 9.812796517e-07 9.288687062e-07 0.001711513773 0.002745023152 0.06635880996 0.3322268548 1.287215802 1.286474802 0.6663991696 1.909784682 2.198539480 2.958157445 3.286953920 4.160528183 6.523806839 11.54864870 15.01594692 20.20538390 24.94162869 37.00821438 35.78907098 43.23655573 57.96158230 62.02152274 69.44663106 78.66477681 87.63820768 86.49890584 106.9311186 119.1362223 147.8415920 179.5603325 252.1222887 277.3807698 394.8829203 383.4370945 407.6795298 445.5417081 501.8880769 660.3226655 686.1487799 701.3774323 744.4734066 980.7983747 1471.059801 5764.440031 6192.864057 6453.776296 7405.502390 8186.078077 8250.231588 14372.03578 22467.29462 29300.68490 45821.12691
      sorted:	 9.288687062e-07 9.812796517e-07 1.398884239e-06 1.677703893e-06 1.681693438e-06 1.719436506e-06 1.759934491e-06 2.029665669e-06 2.054402020e-06 2.083131636e-06 2.323356304e-06 2.380044358e-06 0.001711513773 0.002745023152 0.06635880996 0.3322268548 0.6663991696 1.286474802 1.287215802 1.909784682 2.198539480 2.958157445 3.286953920 4.160528183 6.523806839 11.54864870 15.01594692 20.20538390 24.94162869 35.78907098 37.00821438 43.23655573 57.96158230 62.02152274 69.44663106 78.66477681 86.49890584 87.63820768 106.9311186 119.1362223 147.8415920 179.5603325 252.1222887 277.3807698 383.4370945 394.8829203 407.6795298 445.5417081 501.8880769 660.3226655 686.1487799 701.3774323 744.4734066 980.7983747 1471.059801 5764.440031 6192.864057 6453.776296 7405.502390 8186.078077 8250.231588 14372.03578 22467.29462 29300.68490 45821.12691
