    unsorted:	 1.277021179 1.509157812 1.607857379 1.475210727 0.9982171828 0.05852036860 0.6346145915 0.5328306890 0.1617297422 -1.165432044e-05 3.658872551 3.924230000 5.719516316 13.25902724 16.40268783 25.18048075 28.45885991 36.78782639 43.87089824 56.53373249 66.18319817 74.22974610 89.16654211 92.64793667 157.7392187 163.2194412 171.4799757 210.4911368 228.4308116 247.9165982 263.1034666 279.4798291 282.5928877 319.5435012 366.4267454 408.1814560 420.1352071 560.7092100 616.4307628 627.5391261 802.8540041 1041.626426 1302.524445 5961.024649 6556.325007 7077.480482 7653.665036 7675.679384 8289.405095 10649.63842 25483.15494 79601.32462 116330.7361
      sorted:	 -1.165432044e-05 0.05852036860 0.1617297422 0.5328306890 0.6346145915 0.9982171828 1.277021179 1.475210727 1.509157812 1.607857379 3.658872551 3.924230000 5.719516316 13.25902724 16.40268783 25.18048075 28.45885991 36.78782639 43.87089824 56.53373249 66.18319817 74.22974610 89.16654211 92.64793667 157.7392187 163.2194412 171.4799757 210.4911368 228.4308116 247.9165982 263.1034666 279.4798291 282.5928877 319.5435012 366.4267454 408.1814560 420.1352071 560.7092100 616.4307628 627.5391261 802.8540041 1041.626426 1302.524445 5961.024649 6556.325007 7077.480482 7653.665036 7675.679384 8289.405095 10649.63842 25483.15494 79601.32462 116330.7361
